33	33
0.510117852792	0.709594315419	0.445800986881	0.151701529938	0.428273430257	0.278924452528	0.653041496563	0.482364842773	0.764333861336	0.183216328985	0.485263425738	0.345437083886	0.305335727143	0.269049604163	0.129157337773	0.873399376692	0.432364673501	0.256290877963	0.800352120378	0.84416592514	0.273291434844	0.754897402958	0.998386659685	0.88175149391	0.553580913672	0.531917654541	0.517098496382	0.806815265995	0.554381215014	0.341564793527	0.467725658852	0.990074395653	0.97148646495
0.606286442135	0.644516827636	0.954775535495	0.459164080198	0.50480408945	0.967872682415	0.827732463393	0.119538637131	0.70221975399	0.402022079215	0.169969754062	0.995065019385	0.713318528849	0.264618720639	0.960166108925	0.771241268848	0.748193235262	0.191690357974	0.801345594198	0.00284527442947	0.327220454203	0.336567701938	0.555450280719	0.439540612366	0.0267025993906	0.588937731701	0.446445168471	0.257876116819	0.177657379441	0.116868504119	0.801303541258	0.3728929183	0.496465535888
0.65553174304	0.165632295918	0.668860194401	0.959808476227	0.380747893087	0.643519683881	0.0500821210017	0.156597692267	0.715420897635	0.13259338241	0.404496147265	0.214516399522	0.0882814281251	0.871410995278	0.158650472117	0.431154376866	0.571044015832	0.99555588424	0.869529930091	0.46136517398	0.227418873727	0.527539674415	0.220303751844	0.458022201811	0.416120927515	0.593696996814	0.31678001389	0.401018254754	0.654233777305	0.0621207825085	0.660936972619	0.162651970894	0.693386164129
0.861675830725	0.733444542191	0.423907090262	0.752060467063	0.148055631422	0.554793531557	0.700053915903	0.441161397401	0.886042296535	0.489120722452	0.795091465085	0.619783791235	0.467257265166	0.0450202550769	0.637028591508	0.344999182764	0.0929130239897	0.518623959942	0.181032144742	0.809691138671	0.892801548065	0.861765803627	0.653813246258	0.161829491802	0.311164082043	0.367651562537	0.558884045761	0.0619380732851	0.747342742827	0.94887850345	0.167674631026	0.29632540332	0.833271893253
0.984173599611	0.919417521316	0.725402400222	0.743382401384	0.33013185033	0.0925751566019	0.397288089867	0.0265978067475	0.749592185731	0.387088793092	0.745713423228	0.292665308871	0.0603479826814	0.0893452842004	0.790440997006	0.474562360982	0.137100621104	0.311683734437	0.841988321884	0.285645841648	0.492344276385	0.379402269883	0.842343485978	0.451858538489	0.275989036704	0.160210572409	0.750130726791	0.179635406066	0.686584012893	0.286382621517	0.0165575567998	0.889063181289	0.98417683335
0.230587152264	0.564210038021	0.976672336668	0.167559769745	0.419887848688	0.250107431201	0.671610180865	0.874055068586	0.576254106441	0.44011586517	0.976878773464	0.350516783053	0.649105893439	0.713153116267	0.584188284663	0.774041997843	0.28777600726	0.934958883505	0.357028816086	0.790932016487	0.596786850195	0.924458840661	0.608240571421	0.571865267676	0.737623086256	0.26873661451	0.929978460131	0.572319391362	0.721934619138	0.878529576201	0.199588512077	0.844634295191	0.788722418604
0.790530373122	0.67525676367	0.0341929170919	0.205963816014	0.919843474019	0.757914351952	0.246845108361	0.258287475985	0.975449760587	0.345890602318	0.983636860782	0.614507654823	0.200625226205	0.564486702851	0.782872263128	0.470140359339	0.545254305254	0.233909677026	0.725564849549	0.683404853723	0.818409264235	0.752927817259	0.784288750859	0.656426604587	0.883525779846	0.568103608602	0.49331853183	0.335793243269	0.764588352125	0.184091392389	0.0318080365769	0.441408912009	0.570869236214
0.240123745871	0.422365271635	0.0777896366136	0.290952907527	0.0588405829803	0.0241653805072	0.308532494326	0.692701124015	0.891696963941	0.625426585823	0.358829460653	0.017640555759	0.961430092255	0.803096161744	0.457918948084	0.977334060919	0.135361180197	0.853371042133	0.473931261663	0.389243235391	0.36724389312	0.0145075640499	0.166965742113	0.778043907832	0.664028146181	0.225420215938	0.273283116065	0.470693462615	0.899837461803	0.804966620161	0.498064501588	0.232746797461	0.729468344145
0.563679878375	0.476559627274	0.728425443733	0.996879147673	0.596915430559	0.692277421254	0.758202554605	0.597587447895	0.755812697589	0.194461485785	0.414371279692	0.212935895574	0.344656679569	0.668721893057	0.833738786816	0.702346554031	0.0562205656386	0.508095149267	0.444839064572	0.59104742133	0.531633779385	0.0658180136941	0.580039748523	0.11984809647	0.736075959101	0.439772621301	0.574807093198	0.688867635124	0.333738836898	0.232441806641	0.420894602423	0.324935470366	0.103923250807
0.370473373306	0.547081686983	0.429227420746	0.291214393087	0.250771964522	0.0339094038634	0.813875815152	0.235480930062	0.998355124962	0.790826555882	0.506836273717	0.520165017896	0.725239061526	0.999004580948	0.276134744245	0.53678222317	0.806110402822	0.104254506822	0.849589803308	0.0217270444494	0.673481070084	0.658501233734	0.49059425027	0.80190119697	0.884526308556	0.255339625814	0.319147870575	0.169510205936	0.0115739730973	0.670821550099	0.943739608863	0.723334485184	0.0137531853013
0.611442842468	0.169678036056	0.227183547267	0.387008191843	0.774627977381	0.61246540175	0.423324109253	0.29352739006	0.796251102107	0.244987223412	0.719891644718	0.747017159363	0.926495699233	0.622238488685	0.807225934892	0.780619260063	0.157985626226	0.479307154666	0.573632860585	0.658778253959	0.858205379851	0.888147512439	0.604116797629	0.320899052602	0.210168737501	0.939102449299	0.214680425365	0.0542143928025	0.380889474356	0.301198501369	0.654348738603	0.0778528593865	0.607678542653
0.619427742372	0.117851379841	0.595608054254	0.00619440996999	0.863624552619	0.316740309777	0.245900190128	0.95988602127	0.329653699607	0.601000321414	0.858534272561	0.819124586121	0.986095629515	0.138350564191	0.583608184257	0.410989902259	0.285621804076	0.705016252409	0.551331837056	0.679020336523	0.596474003719	0.601592558998	0.207043982091	0.405330127491	0.972614064979	0.678344658097	0.0262311887576	0.00469522784211	0.0449059787904	0.602400568033	0.989535528293	0.811288127775	0.873166706135
0.739355560594	0.511260564913	0.707409360105	0.949780128877	0.727163515292	0.0695737046411	0.509545167998	0.902154190678	0.805053215354	0.607610396002	0.0456935137159	0.414361892236	0.344964768217	0.654389223163	0.639920499011	0.121574898458	0.820326417059	0.758957041601	0.131644594284	0.99840516376	0.672726817944	0.000408298955252	0.986655834438	0.233035597221	0.837580880849	0.888140716312	0.798539679172	0.408261125294	0.177296922644	0.99089853361	0.24113093947	0.629082140374	0.652549656105
0.330954020814	0.822736800076	0.578290650597	0.815952566249	0.994657691344	0.7386401555	0.200040398518	0.169527232053	0.0756910221648	0.0888316387863	0.873814343457	0.30103585974	0.807113199701	0.597752350515	0.421470592976	0.96761865943	0.457930012603	0.535918029822	0.945704900716	0.434635819889	0.184344058948	0.584344424676	0.735810618014	0.452029766779	0.70443028903	0.378735506803	0.507795967019	0.479496979854	0.297110271782	0.697260058405	0.653251938257	0.669679284868	0.817271325422
0.341286785699	0.867969859772	0.999779210624	0.467927075786	0.0468361210443	0.671194149941	0.47700754733	0.883532971131	0.549217567939	0.683812348097	0.710861582204	0.0817937865117	0.884721842761	0.909450784756	0.771365415322	0.894931543702	0.139303933207	0.514949667589	0.580125857689	0.250650603165	0.127781266573	0.746273620731	0.0853931710225	0.457098596663	0.160509118572	0.98205122229	0.00135337932727	0.947502745569	0.855210875755	0.530385179754	0.760717940878	0.514819311877	0.195357869723
0.829713121602	0.52168459047	0.00961722319977	0.414988791253	0.0976142405625	0.842740108887	0.48707890784	0.36294879759	0.0978954384553	0.3715964824	0.612498724211	0.855352720169	0.427473022089	0.49647421822	0.626861307869	0.865598970755	0.264911622257	0.206847951703	0.898858759202	0.205068987037	0.357059274812	0.718470476633	0.560202880926	0.731395235744	0.759421309241	0.988548254857	0.419599098364	0.559796985087	0.773713624706	0.426339939452	0.16992848745	0.879704376238	0.491484333013
0.0247547952627	0.921172605519	0.555875149354	0.140791637532	0.469961471783	0.356055588886	0.245631938138	0.171554437696	0.910049648759	0.204681291134	0.265205190051	0.802599806572	0.389021806023	0.46628034755	0.899177342773	0.380544758594	0.416869378835	0.979337946147	0.472526711167	0.851327842309	0.0492714671949	0.604365143806	0.0908483312152	0.0636101977057	0.766380860455	0.436016609771	0.443740517483	0.984569358903	0.0647216053899	0.715375840506	0.785543075151	0.391742591573	0.643958795358
0.991026329862	0.215613825158	0.703320072709	0.608320984078	0.990501751581	0.0706016138567	0.725443892511	0.994215071283	0.855358214826	0.0492873885143	0.539651456463	0.665294890165	0.985364931905	0.839692140361	0.866560768801	0.36863065375	0.00148436397651	0.6657729445	0.677587342291	0.00989293724678	0.778991725328	0.605262665977	0.509847998573	0.427997423982	0.336871416034	0.481489400666	0.358626625574	0.908839417289	0.544305870682	0.170950974545	0.809377743353	0.338331908994	0.981366775481
0.613205920847	0.37151680358	0.230206002682	0.826550260251	0.558115701714	0.511726137182	0.195705606145	0.612070122864	0.351228308799	0.131984772081	0.13218349518	0.467467624033	0.66669407652	0.560145970641	0.713255764525	0.796928754945	0.958346910706	0.0933428741697	0.962219366179	0.0434504443658	0.267443990003	0.673643049829	0.114918480259	0.341869879061	0.882516359717	0.917772005443	0.851152693386	0.570891939755	0.153162606846	0.423409088683	0.940369083839	0.819844804857	0.848817956706
0.844222195928	0.724876671645	0.0308576188992	0.684445220291	0.475490646326	0.535920599876	0.840209339675	0.537407197907	0.52957449466	0.915992775109	0.381088004977	0.880099007088	0.277694899771	0.565605301866	0.814307319301	0.811331392602	0.725927117099	0.744835854795	0.00190735360186	0.86890824627	0.602507469343	0.0178634253724	0.0800018616379	0.180356500253	0.0953711467467	0.459255465145	0.495254100697	0.16364722089	0.835409960977	0.102551278343	0.541800066679	0.00466740830783	0.17001104692
0.508614332672	0.367380034009	0.783278286026	0.257155091571	0.242768109601	0.944530228711	0.639134160448	0.516986253589	0.988948649163	0.513600675957	0.873796119199	0.452959309805	0.119583829608	0.878209883974	0.392982240626	0.871707397016	0.745409094487	0.160289434241	0.125713708627	0.0919042715695	0.0508812983846	0.173506323161	0.407138994671	0.462253834215	0.0354135326824	0.238384640253	0.923936210537	0.704794814872	0.200429380851	0.936376291537	0.781898247053	0.844875825071	0.324041047276
0.679834828321	0.262545301655	0.380556744486	0.835374654701	0.646330448675	0.41499892771	0.555432878697	0.184449362474	0.667707123284	0.318367817975	0.7835675864	0.454198676193	0.551742499783	0.180132472806	0.553559501355	0.913307316131	0.382942517504	0.489491694391	0.877137178631	0.168999862293	0.174522889273	0.25097574887	0.893529829216	0.371684470738	0.755094664088	0.765217102825	0.564642547431	0.656083036223	0.305843625331	0.672286506461	0.905266538608	0.442555859669	0.612637256845
0.470861019586	0.0450633078802	0.465584332328	0.674112893029	0.305458503196	0.797315465469	0.862002959543	0.725973432249	0.49305097329	0.967460946907	0.844225914011	0.787396618621	0.229502257708	0.408219980436	0.0796649896682	0.910350006438	0.0521355799648	0.739177968426	0.288529077669	0.836849910223	0.197780904542	0.78318725363	0.784804187335	0.690235768797	0.888865262753	0.676587477904	0.469502277959	0.752437494922	0.272193288915	0.578701049074	0.362407640606	0.930631706861	0.435245131888
0.287148263036	0.858066737471	0.0452586131449	0.503677684871	0.654698074623	0.366834891261	0.610874428727	0.641210590261	0.339349724636	0.978097793911	0.60995053632	0.169103276402	0.732602306998	0.428133262121	0.302232770214	0.961991681639	0.685130152191	0.0605839330589	0.945355313899	0.68944108194	0.733990371914	0.103233006135	0.124555412161	0.716943512695	0.331061552993	0.629417755365	0.764162026237	0.737306761934	0.488075472187	0.708359932754	0.356154218832	0.210891590338	0.505313747237
0.374028195881	0.280176302831	0.279093540175	0.733996732312	0.00213930561389	0.339784544814	0.458687813209	0.424792804114	0.368101508005	0.426263867963	0.961596815319	0.373939473614	0.662034267893	0.786350666448	0.969662440575	0.967893457153	0.978947676986	0.720824632116	0.854756084723	0.288418583363	0.627100161326	0.700587578382	0.638206647708	0.608990677263	0.39355007445	0.670281140886	0.435188799693	0.951426119865	0.607909188949	0.404799328261	0.263509657479	0.699085612366	0.924173108408
0.7043276575	0.761239495691	0.0196313222578	0.0393911056031	0.997916662151	0.0722861410253	0.372322032689	0.674141886188	0.798206260177	0.335235953435	0.898840806263	0.974957606367	0.462179998744	0.0314097247532	0.0205858582172	0.102693590448	0.815838693709	0.535593761591	0.953401913023	0.874600448954	0.338661945047	0.666275810429	0.295301134789	0.494883258011	0.316778219858	0.876152138187	0.0129473829219	0.877243220362	0.0847873066572	0.88013937192	0.52782860198	0.0797439922659	0.697905794066
0.188518600136	0.361249369991	0.781820105493	0.731501886512	0.939138851994	0.780165815417	0.668286765591	0.561904640705	0.736117694449	0.342010874137	0.956712944034	0.00815064330178	0.420520675326	0.727758695317	0.333739467571	0.399710663178	0.257525582136	0.510017087197	0.000226445642692	0.745708765762	0.229383414114	0.557398310722	0.468563734103	0.251564102122	0.368613709838	0.853159042911	0.358078451299	0.4989148017	0.737108414449	0.627351127419	0.446832736855	0.669219360507	0.175191945359
0.434105137062	0.0277181792383	0.051453139893	0.993692998998	0.870689797987	0.550725325246	0.312251493145	0.272054285103	0.15951616084	0.261373800489	0.732596702111	0.043440781877	0.13057472189	0.576006272374	0.621164272101	0.429534074393	0.493387032692	0.100245899415	0.0334702836796	0.797450979203	0.458824190862	0.224409635453	0.970809694759	0.211775601428	0.86213488839	0.888069505495	0.243135667673	0.39966641441	0.786844244305	0.135201862294	0.222844931177	0.923373047459	0.0740844611887
0.577001403976	0.674720583062	0.687523403442	0.611559055536	0.737141763916	0.552719656	0.822295730623	0.399553650616	0.967593789619	0.214650297727	0.366475857103	0.884737529486	0.0103126916978	0.855490463834	0.308587095118	0.96087000274	0.181564857191	0.599925036857	0.192074309701	0.923383121407	0.343605293453	0.42219664364	0.694543466004	0.905792735467	0.723813690442	0.907906579156	0.163040757368	0.216640968562	0.728345551851	0.260153091862	0.285558350812	0.944871896365	0.416556886549
0.635852045572	0.697310131865	0.840943730686	0.695328132288	0.465440535461	0.583962840585	0.0494679911608	0.712282876454	0.381420391827	0.403252694705	0.321002830542	0.712764888427	0.671559343188	0.438736229451	0.313491165716	0.32131720166	0.954714008641	0.932618772151	0.824667003212	0.992409565233	0.715271445166	0.933147799097	0.043077022136	0.283244455847	0.929861663573	0.210081232886	0.759336312133	0.117524605966	0.847326693149	0.128714243974	0.563422278077	0.354929369895	0.671034414189
0.516037257664	0.214738439787	0.844188803281	0.810709479863	0.165749838553	0.344752996766	0.472788677795	0.951991905051	0.859168047956	0.631209472978	0.637230587293	0.357548743481	0.475161814758	0.814097182745	0.936864018064	0.137867446515	0.435178279663	0.882147861435	0.813699026165	0.335435417079	0.180827641408	0.0882165448022	0.213545522006	0.0957743718234	0.362647499092	0.445618137593	0.433481404393	0.265527656916	0.816254059503	0.203354247226	0.953528832363	0.421673438032	0.856884587847
0.0347813643177	0.680272826852	0.840031357056	0.731552010953	0.478382367496	0.505528541368	0.263849677574	0.409807027335	0.470147335645	0.279815320389	0.801837019792	0.608740240048	0.15549911933	0.553263925119	0.761201833211	0.535777462629	0.722402148451	0.145312898655	0.380713255862	0.394601945408	0.00126696093891	0.38766378282	0.407300632923	0.650394832147	0.145432316698	0.107121590889	0.0961865481859	0.133968880797	0.0572962799948	0.821515450986	0.92708885868	0.95605922661	0.598436816746
0.706791593849	0.545948805798	0.121316356648	0.291185531823	0.753459583598	0.573594894462	0.601134946681	0.829146803552	0.242257018663	0.185633177814	0.608099203548	0.662371992741	0.867063764512	0.167422887207	0.526050701911	0.266157297491	0.528910704126	0.205776678301	0.399705770464	0.573716492325	0.344112812922	0.237412819752	0.743298963721	0.18996716901	0.218954024624	0.538454322122	0.573889134995	0.239494717855	0.821290515756	0.849904498021	0.198793296701	0.386303793698	0.00687545584694
